              precision    recall  f1-score   support

           A       0.40      0.67      0.50         6
           B       1.00      0.83      0.91         6
           C       0.29      0.33      0.31         6
           D       1.00      0.50      0.67         6
           E       0.33      0.33      0.33         6
           F       0.33      0.17      0.22         6
           G       0.00      0.00      0.00         6
           H       0.75      0.50      0.60         6
           I       0.00      0.00      0.00         6
           J       0.50      1.00      0.67         6
           K       1.00      0.17      0.29         6
           L       0.25      0.33      0.29         6
           M       0.33      0.50      0.40         6
           N       0.33      0.67      0.44         6
           O       0.38      0.50      0.43         6
           P       1.00      0.83      0.91         6
           Q       0.83      0.83      0.83         6
           R       1.00      0.67      0.80         6
           S       0.00      0.00      0.00         6
           T       1.00      0.50      0.67         6
           U       0.67      0.33      0.44         6
           V       0.50      0.67      0.57         6
           W       0.67      1.00      0.80         6
           X       0.60      1.00      0.75         6
           Y       0.43      1.00      0.60         6
           Z       0.50      0.33      0.40         6

    accuracy                           0.53       156
   macro avg       0.54      0.53      0.49       156
weighted avg       0.54      0.53      0.49       156
